2
0 (1) 1
1 (1) 0

20
0 (1) 1
1 (4) 0 2 4 5
2 (4) 1 5 6 10
3 (1) 4
4 (4) 1 3 5 8
5 (6) 1 2 4 8 9 10
6 (3) 2 10 13
7 (1) 8
8 (4) 4 5 7 9
9 (3) 5 8 10
10 (4) 2 5 9 6
11 (3) 12 13 17
12 (3) 11 14 15
13 (5) 6 11 14 17 18
14 (4) 12 13 15 18
15 (4) 12 14 16 18
16 (1) 15
17 (3) 11 13 19
18 (3) 13 14 15
19 (1) 17

0

19
0 (2) 1 2
1 (2) 0 3
2 (2) 0 3
3 (3) 1 2 4
4 (6) 5 6 3 10 7 8
5 (2) 4 6
6 (2) 5 4
7 (3) 9 8 4
8 (2) 4 7
9 (1) 7
10 (3) 11 12 4
11 (2) 10 13
12 (2) 10 13
13 (3) 11 12 14
14 (3) 13 15 16
15 (2) 14 16
16 (4) 14 15 17 18
17 (2) 16 18
18 (2) 16 17

7
0 (4) 1 2 3 4
1 (3) 0 2 3
2 (3) 1 0 3
3 (4) 0 1 2 4
4 (4) 0 3 6 5
5 (1) 4
6 (1) 4
