3                                                                 
97 41 41                                                         
5                                                                 
13 37 87 25 17                                                   
12
74 16 14 59 16 92 34 69 4 72 61 20
7
60 44 33 67 9 90 34
5
2 93 72 33 94
10
18 56 59 34 50 93 71 66 98 24
7
94 46 19 44 87 74 45
14
62 77 80 88 77 15 94 51 38 27 66 13 17 94
17
63 57 52 78 55 58 98 68 88 44 63 40 7 99 38 94 87
6
29 34 63 51 96 2
4
57 59 85 37
9
39 54 54 70 87 10 69 62 32
4
26 9 17 37
6
21 11 67 46 43 1
15
8 69 60 0 35 27 96 91 32 51 14 77 58 4 9
11
9 14 94 38 68 40 76 21 24 46 10
2
13 48
10
89 13 53 67 73 75 86 83 71 42
20
27 72 14 71 47 81 45 96 24 8 5 78 49 55 18 69 1 91 55 68
3
88 1 29
18
35 35 68 98 2 48 20 43 8 64 11 38 33 60 28 93 31 22
2
36 31